T = 6.000000
dividend1 = 0.300000
dividend2 = 0.300000
dividend3 = 0.300000
dividend1_time = 1.000000
dividend2_time = 3.000000
dividend3_time = 5.000000
sigma = 0.200000
S0 = 7.334400
price = 131.055343
std = 0.026784
S0 = 7.449000
price = 132.609261
std = 0.038616
S0 = 7.563600
price = 134.192433
std = 0.031413
S0 = 3.896400
price = 97.322909
std = 0.023875
S0 = 4.011000
